00001000000000010000000000001000
01001000000000100000000000000010
01000000010000010001100000000000
00000100011000010010000000000000
01000100100000100010100000000000
01100000000001010010100010000000
11010000101000011111111111111110
11101000000000000000000000010000
10011001100000010100000000000000
00001000000011011111111111111110
10011001000011010100100000000000
10011101001010100000000000000010
10011101010010110000000000000000
00001001101011010000000000000001
11011001101000001111111111111110
11100000000000000000000000010011
11000000001000100000000000000100
11000100001011000000000000000100
11100111111000000000000000000000
11111100000000000000000000000000
